cam0:
    T_cam_imu:
    - [1.0000000,  0.0000000,  0.0000000, 0.006]
    - [0.0000000,  1.0000000,  0.0000000, -0.005]
    - [0.0000000, .0000000,  1.0000000, -0.012]
    - [0.0, 0.0, 0.0, 1.0]
    cam_overlaps: [1]
    camera_model: pinhole
    distortion_coeffs: [0.0, 0.0, 0.0, 0.0]
    distortion_model: equidistant
    intrinsics: [429.5706481933594, 429.5706481933597, 425.4299011230469, 235.29574584960938]
    resolution: [848, 480]
    rostopic: /cam0/image_raw
